19
8.496094 9.347656
139.421875 11.355469
144.250000 148.078125
14.734375 140.261719
97.988281 57.109375
123.730469 111.445312
373.148438 259.750000
360.312500 453.000000
488.449219 358.859375
483.222656 152.339844
1593.718750 773.339844
1593.937500 896.527344
4.906250 993.929688
1595.593750 996.171875
1596.988281 4.480469
86.980469 228.707031
120.468750 232.136719
117.488281 275.457031
86.328125 275.480469
18
0 1
1 2
2 3
3 0
4 5
6 7
7 8
8 9
9 6
10 11
12 13
13 14
14 1
3 12
15 16
16 17
17 18
18 15
